4,00  +4,00  +8,00  +5,00 +9,00 +10,00 + 6,00  =   2,00
4,00 +3,00  +1,00  +2,00 +1,00 +5,00 + 4,00  =   3,00
7,00  +8,00  +9,00  +3,00 +4,00 +6,00 + 6,00  =   5,00
10,00  +1,00  +10,00  +1,00 +5,00 +1,00 + 6,00  =   1,00
1,00  +6,00  +1,00  +7,00 +5,00 +2,00 + 0,00  =   4,00
4,00  +10,00  +3,00  +3,00 +8,00 +3,00 + 5,00  =   5,00
7,00  +4,00  +5,00  +8,00 +3,00 +6,00 + 1,00  =   2,00

000000000000000000000000000000000000000000000
00000000000000000000000000000000000000000000
1441505400504084000000000000000
14415054005040840000000000000000